0.03836655	0.07351904	0.01420202	0.01181802	0.09123024	0.1815126	0.05515033	0.05865795	0.1792394	0.01790621
0.07947544	0.02314733	0.06711942	0.03821882	0.01015409	0.1599823	0.1228843	0.02737663	0.02765789	0.1159703
0.2079497	0.01640935	0.08980347	0.01201388	0.06829979	0.01564305	0.01880403	0.0214032	0.03277236	0.06116479
0.07913097	0.02869504	0.05983737	0.04667016	0.110085	0.08397082	0.04518473	0.0408935	0.04992842	0.02559787
0.03721997	0.03261636	0.250577	0.263995	0.02154906	0.0371517	0.2198897	0.02823935	0.04937506	0.3302899
0.05043126	0.02816406	0.02187335	0.2989956	0.2483299	0.025	0.02177362	0.3201028	0.02827446	0.02859419
0.02691218	0.005910895	0.03560412	0.08409718	0.01730261	0.2586437	0.2878531	0.06847247	0.284411	0.05815087
0.02932085	0.03010772	0.02580873	0.03083377	0.01307488	0.2235367	0.09267299	0.03860698	0.09726199	0.2868025
0.0516846	0.1598202	0.0154447	0.03083348	0.08416497	0.09341	0.02641879	0.1294833	0.1518482	0.01258754
0.08590037	0.1081676	0.1405892	0.009688028	0.00721475	0.1090106	0.134256	0.009125543	0.1376729	0.08011686
0.1021601	0.1726511	0.09086102	0.0516152	0.172844	0.008621456	0.01033776	0.09529307	0.0190434	0.05469373
0.1246136	0.1605156	0.1304578	0.1003671	0.1240742	0.007916741	0.01222646	0.06094451	0.03668576	0.005314438
0.08475922	0.1041961	0.04340494	0.007286298	0.05943655	0.0858912	0.06475716	0.1036048	0.07410691	0.03412818
0.05043126	0.03133251	0.06782501	0.01288774	0.04578249	0.1176678	0.1108075	0.05785417	0.03981327	0.09985836
0.1276558	0.05672695	0.08151934	0.05277209	0.07467444	0.01155453	0.02958738	0.1367673	0.03241807	0.0981296
0.1477524	0.09941727	0.07777974	0.08075511	0.08384383	0.04821206	0.07539647	0.03948641	0.1661596	0.02852081
0.04198271	0.09661495	0.06097994	0.1146259	0.1331803	0.1173817	0.05808575	0.04149641	0.1284461	0.09671128
0.07410667	0.1293786	0.1821309	0.08017065	0.03019507	0.06484099	0.1163611	0.03092053	0.2816877	0.05798513
0.03673867	0.2148213	0.09720631	0.2654623	0.1573627	0.1099458	0.03243918	0.1363233	0.1112489	0.1367787
0.09679414	0.1299664	0.09881563	0.09585737	0.133309	0.0830813	0.05909453	0.1715768	0.09851467	0.10124
0.1108661	0.2265515	0.3097816	0.2647947	0.1925285	0.180628	0.2740616	0.142014	0.231983	0.3825902
0.1924837	0.3477381	0.2054154	0.3770332	0.3493364	0.2014134	0.1509168	0.404802	0.1808333	0.171211
0.1851098	0.303573	0.1706178	0.3537421	0.2150988	0.2611323	0.3315213	0.2604796	0.3406554	0.1806577
0.2899408	0.2683207	0.1797773	0.2070267	0.1856085	0.3080413	0.2342518	0.1487996	0.2606478	0.3687334
0.2369907	0.126146	0.1786792	0.02265861	0.07162413	0.05103936	0.1210639	0.1932262	0.00939633	0.04441096
0.1281465	0.0715543	0.04401129	0.09092525	0.1301327	0.1196113	0.0569464	0.08895189	0.01250771	0.1293378
0.1028683	0.03140715	0.1411827	0.01512859	0.05946635	0.03777442	0.1281526	0.03019538	0.0619132	0.09006294
0.05537402	0.07531344	0.1007601	0.125957	0.05623114	0.1409891	0.2223797	0.06754023	0.06970293	0.1038087
0.1373258	0.04769041	0.04358246	0.02505776	0.1849333	0.08845644	0.02241594	0.04839735	0.04201755	0.03173478
0.1437247	0.1003344	0.07576292	0.01644298	0.01772513	0.0914311	0.04046192	0.01258085	0.124989	0.09746813
0.04390935	0.02108513	0.08760025	0.08738987	0.06975685	0.006577193	0.01301132	0.1235346	0.01434898	0.1479479
0.04115517	0.04202719	0.09342408	0.1110645	0.07652921	0.02339441	0.1322761	0.1631343	0.1105941	0.03250664
0.0773505	0.06928773	0.07207527	0.2455127	0.08469487	0.09367536	0.1311155	0.03287024	0.08944243	0.02092013
0.08176377	0.05861644	0.0858176	0.05590614	0.1507081	0.04540636	0.08233427	0.0248073	0.1038492	0.1160588
0.04762748	0.06766652	0.05340619	0.06336211	0.06793552	0.2601547	0.1346582	0.08712256	0.06217892	0.1338534
0.05104654	0.04335158	0.07009015	0.09040378	0.1138338	0.06715887	0.07876318	0.128133	0.05986042	0.02453499
0.1834539	0.06355783	0.01127286	0.01341745	0.07665813	0.0708536	0.02704145	0.2220104	0.04414502	0.02872086
0.1135363	0.1015666	0.1094549	0.01973158	0.01042131	0.06563604	0.1632581	0.02347834	0.0627147	0.1033994
0.1190687	0.1097486	0.1521988	0.01441666	0.0972589	0.02995289	0.01363515	0.04040853	0.04100974	0.03856041
0.0848715	0.122285	0.1632491	0.1110645	0.1034104	0.01369863	0.04775405	0.1408847	0.05064424	0.02294066
